1.9950e+01	1.1421e-03	1.1421e-03	1.8302e-13
1.9850e+01	1.1430e-03	1.1430e-03	1.8317e-13
1.9750e+01	1.1439e-03	1.1439e-03	1.8332e-13
1.9650e+01	1.1449e-03	1.1449e-03	1.8347e-13
1.9550e+01	1.1458e-03	1.1458e-03	1.8362e-13
1.9450e+01	1.1466e-03	1.1466e-03	1.8376e-13
1.9350e+01	1.1474e-03	1.1474e-03	1.8388e-13
1.9250e+01	1.1482e-03	1.1482e-03	1.8401e-13
1.9150e+01	1.1490e-03	1.1490e-03	1.8414e-13
1.9050e+01	1.1498e-03	1.1498e-03	1.8426e-13
1.8950e+01	1.1506e-03	1.1506e-03	1.8439e-13
1.8850e+01	1.1513e-03	1.1513e-03	1.8451e-13
1.8750e+01	1.1521e-03	1.1521e-03	1.8463e-13
1.8650e+01	1.1528e-03	1.1528e-03	1.8475e-13
1.8550e+01	1.1536e-03	1.1536e-03	1.8487e-13
1.8450e+01	1.1544e-03	1.1544e-03	1.8500e-13
1.8350e+01	1.1556e-03	1.1556e-03	1.8519e-13
1.8250e+01	1.1567e-03	1.1567e-03	1.8537e-13
1.8150e+01	1.1579e-03	1.1579e-03	1.8556e-13
1.8050e+01	1.1590e-03	1.1590e-03	1.8574e-13
1.7950e+01	1.1575e-03	1.1575e-03	1.8550e-13
1.7850e+01	1.1535e-03	1.1535e-03	1.8485e-13
1.7750e+01	1.1495e-03	1.1495e-03	1.8421e-13
1.7650e+01	1.1455e-03	1.1455e-03	1.8357e-13
1.7550e+01	1.1414e-03	1.1414e-03	1.8292e-13
1.7450e+01	1.1400e-03	1.1400e-03	1.8269e-13
1.7350e+01	1.1409e-03	1.1409e-03	1.8284e-13
1.7250e+01	1.1418e-03	1.1418e-03	1.8299e-13
1.7150e+01	1.1428e-03	1.1428e-03	1.8313e-13
1.7050e+01	1.1437e-03	1.1437e-03	1.8328e-13
1.6950e+01	1.1423e-03	1.1423e-03	1.8306e-13
1.6850e+01	1.1388e-03	1.1388e-03	1.8251e-13
1.6750e+01	1.1353e-03	1.1353e-03	1.8195e-13
1.6650e+01	1.1318e-03	1.1318e-03	1.8139e-13
1.6550e+01	1.1284e-03	1.1284e-03	1.8083e-13
1.6450e+01	1.1247e-03	1.1247e-03	1.8025e-13
1.6350e+01	1.1210e-03	1.1210e-03	1.7965e-13
1.6250e+01	1.1173e-03	1.1173e-03	1.7905e-13
1.6150e+01	1.1135e-03	1.1135e-03	1.7845e-13
1.6050e+01	1.1098e-03	1.1098e-03	1.7785e-13
1.5950e+01	1.1083e-03	1.1083e-03	1.7762e-13
1.5850e+01	1.1089e-03	1.1089e-03	1.7771e-13
1.5750e+01	1.1095e-03	1.1095e-03	1.7781e-13
1.5650e+01	1.1101e-03	1.1101e-03	1.7790e-13
1.5550e+01	1.1107e-03	1.1107e-03	1.7800e-13
1.5450e+01	1.1111e-03	1.1111e-03	1.7806e-13
1.5350e+01	1.1113e-03	1.1113e-03	1.7810e-13
1.5250e+01	1.1115e-03	1.1115e-03	1.7813e-13
1.5150e+01	1.1118e-03	1.1118e-03	1.7817e-13
1.5050e+01	1.1120e-03	1.1120e-03	1.7820e-13
1.4950e+01	1.1070e-03	1.1070e-03	1.7740e-13
1.4850e+01	1.0984e-03	1.0984e-03	1.7603e-13
1.4750e+01	1.0899e-03	1.0899e-03	1.7466e-13
1.4650e+01	1.0813e-03	1.0813e-03	1.7329e-13
1.4550e+01	1.0728e-03	1.0728e-03	1.7192e-13
1.4450e+01	1.0684e-03	1.0684e-03	1.7122e-13
1.4350e+01	1.0676e-03	1.0676e-03	1.7109e-13
1.4250e+01	1.0667e-03	1.0667e-03	1.7094e-13
1.4150e+01	1.0656e-03	1.0656e-03	1.7077e-13
1.4050e+01	1.0645e-03	1.0645e-03	1.7060e-13
1.3950e+01	1.0641e-03	1.0641e-03	1.7053e-13
1.3850e+01	1.0644e-03	1.0644e-03	1.7058e-13
1.3750e+01	1.0646e-03	1.0646e-03	1.7062e-13
1.3650e+01	1.0644e-03	1.0644e-03	1.7058e-13
1.3550e+01	1.0641e-03	1.0641e-03	1.7054e-13
1.3450e+01	1.0637e-03	1.0637e-03	1.7047e-13
1.3350e+01	1.0645e-03	1.0645e-03	1.7059e-13
1.3250e+01	1.0668e-03	1.0668e-03	1.7095e-13
1.3150e+01	1.0689e-03	1.0689e-03	1.7129e-13
1.3050e+01	1.0709e-03	1.0709e-03	1.7162e-13
1.2950e+01	1.0694e-03	1.0694e-03	1.7138e-13
1.2850e+01	1.0639e-03	1.0639e-03	1.7049e-13
1.2750e+01	1.0593e-03	1.0593e-03	1.6976e-13
1.2650e+01	1.0602e-03	1.0602e-03	1.6990e-13
1.2550e+01	1.0620e-03	1.0620e-03	1.7019e-13
1.2450e+01	1.0635e-03	1.0635e-03	1.7044e-13
1.2350e+01	1.0649e-03	1.0649e-03	1.7066e-13
1.2250e+01	1.0662e-03	1.0662e-03	1.7087e-13
1.2150e+01	1.0672e-03	1.0672e-03	1.7103e-13
1.2050e+01	1.0682e-03	1.0682e-03	1.7119e-13
1.1950e+01	1.0624e-03	1.0624e-03	1.7026e-13
1.1850e+01	1.0540e-03	1.0540e-03	1.6891e-13
1.1750e+01	1.0536e-03	1.0536e-03	1.6885e-13
1.1650e+01	1.0532e-03	1.0532e-03	1.6879e-13
1.1550e+01	1.0533e-03	1.0533e-03	1.6880e-13
1.1450e+01	1.0530e-03	1.0530e-03	1.6876e-13
1.1350e+01	1.0527e-03	1.0527e-03	1.6869e-13
1.1250e+01	1.0529e-03	1.0529e-03	1.6873e-13
1.1150e+01	1.0530e-03	1.0530e-03	1.6875e-13
1.1050e+01	1.0537e-03	1.0537e-03	1.6887e-13
1.0950e+01	1.0430e-03	1.0430e-03	1.6715e-13
1.0850e+01	1.0291e-03	1.0291e-03	1.6491e-13
1.0750e+01	1.0311e-03	1.0311e-03	1.6524e-13
1.0650e+01	1.0337e-03	1.0337e-03	1.6566e-13
1.0550e+01	1.0367e-03	1.0367e-03	1.6613e-13
1.0450e+01	1.0397e-03	1.0397e-03	1.6663e-13
1.0350e+01	1.0433e-03	1.0433e-03	1.6720e-13
1.0250e+01	1.0478e-03	1.0478e-03	1.6792e-13
1.0150e+01	1.0521e-03	1.0521e-03	1.6861e-13
1.0050e+01	1.0566e-03	1.0566e-03	1.6933e-13
9.9500e+00	1.0579e-03	1.0579e-03	1.6953e-13
9.8500e+00	1.0569e-03	1.0569e-03	1.6937e-13
9.7500e+00	1.0559e-03	1.0559e-03	1.6921e-13
9.6500e+00	1.0548e-03	1.0548e-03	1.6905e-13
9.5500e+00	1.0546e-03	1.0546e-03	1.6901e-13
9.4500e+00	1.0540e-03	1.0540e-03	1.6891e-13
9.3500e+00	1.0515e-03	1.0515e-03	1.6851e-13
9.2500e+00	1.0486e-03	1.0486e-03	1.6805e-13
9.1500e+00	1.0457e-03	1.0457e-03	1.6757e-13
9.0500e+00	1.0426e-03	1.0426e-03	1.6709e-13
8.9500e+00	1.0419e-03	1.0419e-03	1.6697e-13
8.8500e+00	1.0433e-03	1.0433e-03	1.6720e-13
8.7500e+00	1.0448e-03	1.0448e-03	1.6743e-13
8.6500e+00	1.0462e-03	1.0462e-03	1.6765e-13
8.5500e+00	1.0475e-03	1.0475e-03	1.6787e-13
8.4500e+00	1.0488e-03	1.0488e-03	1.6808e-13
8.3500e+00	1.0500e-03	1.0500e-03	1.6827e-13
8.2500e+00	1.0512e-03	1.0512e-03	1.6846e-13
8.1500e+00	1.0523e-03	1.0523e-03	1.6864e-13
8.0500e+00	1.0535e-03	1.0535e-03	1.6882e-13
7.9500e+00	1.0403e-03	1.0403e-03	1.6671e-13
7.8500e+00	1.0134e-03	1.0134e-03	1.6240e-13
7.7500e+00	9.8950e-04	9.8950e-04	1.5857e-13
7.6500e+00	9.8269e-04	9.8269e-04	1.5748e-13
7.5500e+00	9.7864e-04	9.7864e-04	1.5683e-13
7.4500e+00	9.7458e-04	9.7458e-04	1.5618e-13
7.3500e+00	9.7049e-04	9.7049e-04	1.5553e-13
7.2500e+00	9.6640e-04	9.6640e-04	1.5487e-13
7.1500e+00	9.6229e-04	9.6229e-04	1.5421e-13
7.0500e+00	9.5817e-04	9.5817e-04	1.5355e-13
6.9500e+00	9.5617e-04	9.5617e-04	1.5323e-13
6.8500e+00	9.5622e-04	9.5622e-04	1.5324e-13
6.7500e+00	9.5626e-04	9.5626e-04	1.5325e-13
6.6500e+00	9.5627e-04	9.5627e-04	1.5325e-13
6.5500e+00	9.5628e-04	9.5628e-04	1.5325e-13
6.4500e+00	9.5614e-04	9.5614e-04	1.5323e-13
6.3500e+00	9.5585e-04	9.5585e-04	1.5318e-13
6.2500e+00	9.5554e-04	9.5554e-04	1.5313e-13
6.1500e+00	9.5504e-04	9.5504e-04	1.5305e-13
6.0500e+00	9.5451e-04	9.5451e-04	1.5297e-13
5.9500e+00	9.5153e-04	9.5153e-04	1.5249e-13
5.8500e+00	9.4617e-04	9.4617e-04	1.5163e-13
5.7500e+00	9.4077e-04	9.4077e-04	1.5077e-13
5.6500e+00	9.3515e-04	9.3515e-04	1.4986e-13
5.5500e+00	9.2950e-04	9.2950e-04	1.4896e-13
5.4500e+00	9.2372e-04	9.2372e-04	1.4803e-13
5.3500e+00	9.1784e-04	9.1784e-04	1.4709e-13
5.2500e+00	9.1192e-04	9.1192e-04	1.4614e-13
5.1500e+00	9.0576e-04	9.0576e-04	1.4515e-13
5.0500e+00	8.9957e-04	8.9957e-04	1.4416e-13
4.9500e+00	8.4972e-04	8.4972e-04	1.3617e-13
4.8500e+00	8.2629e-04	8.2629e-04	1.3242e-13
4.7500e+00	8.2402e-04	8.2402e-04	1.3206e-13
4.6500e+00	8.2157e-04	8.2157e-04	1.3166e-13
4.5500e+00	8.1898e-04	8.1898e-04	1.3125e-13
4.4500e+00	8.1622e-04	8.1622e-04	1.3081e-13
4.3500e+00	8.1317e-04	8.1317e-04	1.3032e-13
4.2500e+00	8.0984e-04	8.0984e-04	1.2978e-13
4.1500e+00	8.0631e-04	8.0631e-04	1.2922e-13
4.0500e+00	8.0257e-04	8.0257e-04	1.2862e-13
3.9500e+00	7.9354e-04	7.9354e-04	1.2717e-13
3.8500e+00	7.7941e-04	7.7941e-04	1.2491e-13
3.7500e+00	7.6524e-04	7.6524e-04	1.2263e-13
3.6500e+00	7.5100e-04	7.5100e-04	1.2035e-13
3.5500e+00	7.3662e-04	7.3662e-04	1.1805e-13
3.4500e+00	7.2683e-04	7.2683e-04	1.1648e-13
3.3500e+00	7.2160e-04	7.2160e-04	1.1564e-13
3.2500e+00	7.1632e-04	7.1632e-04	1.1480e-13
3.1500e+00	7.1102e-04	7.1102e-04	1.1395e-13
3.0500e+00	7.0572e-04	7.0572e-04	1.1310e-13
2.9500e+00	6.7629e-04	6.7629e-04	1.0838e-13
2.8500e+00	6.4979e-04	6.4979e-04	1.0413e-13
2.7500e+00	6.4900e-04	6.4900e-04	1.0401e-13
2.6500e+00	6.4771e-04	6.4771e-04	1.0380e-13
2.5500e+00	6.4632e-04	6.4632e-04	1.0358e-13
2.4500e+00	6.4494e-04	6.4494e-04	1.0336e-13
2.3500e+00	6.4264e-04	6.4264e-04	1.0299e-13
2.2500e+00	6.4222e-04	6.4222e-04	1.0292e-13
2.1500e+00	6.5144e-04	6.5144e-04	1.0440e-13
2.0500e+00	6.6431e-04	6.6431e-04	1.0646e-13
1.9500e+00	6.6427e-04	6.6427e-04	1.0645e-13
1.8500e+00	6.3615e-04	6.3615e-04	1.0195e-13
1.7500e+00	6.1195e-04	6.1195e-04	9.8069e-14
1.6500e+00	6.0350e-04	6.0350e-04	9.6715e-14
1.5500e+00	6.0800e-04	6.0800e-04	9.7436e-14
1.4500e+00	5.9138e-04	5.9138e-04	9.4772e-14
1.3500e+00	5.7588e-04	5.7588e-04	9.2288e-14
1.2500e+00	5.8196e-04	5.8196e-04	9.3263e-14
1.1500e+00	5.8423e-04	5.8423e-04	9.3627e-14
1.0500e+00	5.8264e-04	5.8264e-04	9.3372e-14
9.8000e-01	5.7201e-04	5.7201e-04	9.1668e-14
9.4000e-01	5.5278e-04	5.5278e-04	8.8587e-14
9.0000e-01	5.3568e-04	5.3568e-04	8.5846e-14
8.6000e-01	5.3217e-04	5.3217e-04	8.5284e-14
8.2000e-01	5.3064e-04	5.3064e-04	8.5039e-14
7.8000e-01	5.2819e-04	5.2819e-04	8.4646e-14
7.4000e-01	5.2180e-04	5.2180e-04	8.3621e-14
7.0500e-01	5.0997e-04	5.0997e-04	8.1725e-14
6.7500e-01	5.0304e-04	5.0304e-04	8.0616e-14
6.4500e-01	4.9700e-04	4.9700e-04	7.9648e-14
6.1500e-01	4.9041e-04	4.9041e-04	7.8591e-14
5.8750e-01	4.8493e-04	4.8493e-04	7.7713e-14
5.6250e-01	4.8057e-04	4.8057e-04	7.7015e-14
5.3750e-01	4.7571e-04	4.7571e-04	7.6236e-14
5.1250e-01	4.7035e-04	4.7035e-04	7.5377e-14
4.8750e-01	4.6352e-04	4.6352e-04	7.4283e-14
4.6250e-01	4.5524e-04	4.5524e-04	7.2955e-14
4.3750e-01	4.4663e-04	4.4663e-04	7.1576e-14
4.1250e-01	4.3771e-04	4.3771e-04	7.0145e-14
3.9000e-01	4.2917e-04	4.2917e-04	6.8777e-14
3.7000e-01	4.2099e-04	4.2099e-04	6.7466e-14
3.5000e-01	4.1259e-04	4.1259e-04	6.6121e-14
3.3000e-01	4.0250e-04	4.0250e-04	6.4503e-14
3.1000e-01	3.9192e-04	3.9192e-04	6.2807e-14
2.9000e-01	3.7996e-04	3.7996e-04	6.0891e-14
2.7500e-01	3.7003e-04	3.7003e-04	5.9300e-14
2.6250e-01	3.6169e-04	3.6169e-04	5.7963e-14
2.4750e-01	3.5108e-04	3.5108e-04	5.6263e-14
2.3500e-01	3.4065e-04	3.4065e-04	5.4591e-14
2.2500e-01	3.3216e-04	3.3216e-04	5.3231e-14
2.1500e-01	3.2367e-04	3.2367e-04	5.1870e-14
2.0500e-01	3.1517e-04	3.1517e-04	5.0509e-14
1.9500e-01	3.0722e-04	3.0722e-04	4.9234e-14
1.8500e-01	2.9983e-04	2.9983e-04	4.8049e-14
1.7500e-01	2.9226e-04	2.9226e-04	4.6837e-14
1.6500e-01	2.8361e-04	2.8361e-04	4.5450e-14
1.5500e-01	2.7474e-04	2.7474e-04	4.4029e-14
1.4625e-01	2.6541e-04	2.6541e-04	4.2533e-14
1.3875e-01	2.5558e-04	2.5558e-04	4.0958e-14
1.3125e-01	2.4576e-04	2.4576e-04	3.9384e-14
1.2375e-01	2.3578e-04	2.3578e-04	3.7785e-14
1.1750e-01	2.2702e-04	2.2702e-04	3.6382e-14
1.1250e-01	2.1994e-04	2.1994e-04	3.5247e-14
1.0750e-01	2.1284e-04	2.1284e-04	3.4109e-14
1.0250e-01	2.0568e-04	2.0568e-04	3.2961e-14
9.8000e-02	1.9864e-04	1.9864e-04	3.1833e-14
9.4000e-02	1.9172e-04	1.9172e-04	3.0724e-14
9.0000e-02	1.8479e-04	1.8479e-04	2.9614e-14
8.6000e-02	1.7779e-04	1.7779e-04	2.8492e-14
8.2000e-02	1.7077e-04	1.7077e-04	2.7367e-14
7.8000e-02	1.6369e-04	1.6369e-04	2.6233e-14
7.4000e-02	1.5654e-04	1.5654e-04	2.5087e-14
7.0500e-02	1.5025e-04	1.5025e-04	2.4078e-14
6.7500e-02	1.4476e-04	1.4476e-04	2.3199e-14
6.4500e-02	1.3925e-04	1.3925e-04	2.2316e-14
6.1500e-02	1.3373e-04	1.3373e-04	2.1432e-14
5.8750e-02	1.2860e-04	1.2860e-04	2.0610e-14
5.6250e-02	1.2386e-04	1.2386e-04	1.9849e-14
5.3750e-02	1.1911e-04	1.1911e-04	1.9088e-14
5.1250e-02	1.1436e-04	1.1436e-04	1.8328e-14
4.8750e-02	1.0962e-04	1.0962e-04	1.7567e-14
4.6250e-02	1.0488e-04	1.0488e-04	1.6807e-14
4.3750e-02	1.0012e-04	1.0012e-04	1.6044e-14
4.1250e-02	9.5332e-05	9.5332e-05	1.5278e-14
3.9000e-02	9.1495e-05	9.1495e-05	1.4663e-14
3.7000e-02	8.8580e-05	8.8580e-05	1.4195e-14
3.5000e-02	8.5658e-05	8.5658e-05	1.3727e-14
3.3000e-02	8.2690e-05	8.2690e-05	1.3252e-14
3.1000e-02	7.9470e-05	7.9470e-05	1.2736e-14
2.9000e-02	7.6102e-05	7.6102e-05	1.2196e-14
2.7500e-02	7.3453e-05	7.3453e-05	1.1771e-14
2.6250e-02	7.1163e-05	7.1163e-05	1.1404e-14
2.4750e-02	6.8381e-05	6.8381e-05	1.0959e-14
2.3500e-02	6.5947e-05	6.5947e-05	1.0568e-14
2.2500e-02	6.3980e-05	6.3980e-05	1.0253e-14
2.1500e-02	6.2005e-05	6.2005e-05	9.9368e-15
2.0500e-02	5.9931e-05	5.9931e-05	9.6043e-15
1.9500e-02	5.7787e-05	5.7787e-05	9.2608e-15
1.8500e-02	5.5632e-05	5.5632e-05	8.9154e-15
1.7500e-02	5.3467e-05	5.3467e-05	8.5685e-15
1.6500e-02	5.1202e-05	5.1202e-05	8.2054e-15
1.5500e-02	4.8890e-05	4.8890e-05	7.8349e-15
1.4625e-02	4.6799e-05	4.6799e-05	7.4999e-15
1.3875e-02	4.4960e-05	4.4960e-05	7.2051e-15
1.3125e-02	4.3080e-05	4.3080e-05	6.9039e-15
1.2375e-02	4.1163e-05	4.1163e-05	6.5966e-15
1.1750e-02	3.9552e-05	3.9552e-05	6.3385e-15
1.1250e-02	3.8219e-05	3.8219e-05	6.1249e-15
1.0750e-02	3.6860e-05	3.6860e-05	5.9070e-15
1.0250e-02	3.5499e-05	3.5499e-05	5.6889e-15
9.8000e-03	3.5832e-05	3.5832e-05	5.7423e-15
9.4000e-03	3.7195e-05	3.7195e-05	5.9608e-15
9.0000e-03	3.9528e-05	3.9528e-05	6.3347e-15
8.6000e-03	3.2089e-05	3.2089e-05	5.1425e-15
8.2000e-03	3.6200e-05	3.6200e-05	5.8013e-15
7.8000e-03	3.0659e-05	3.0659e-05	4.9133e-15
7.4000e-03	2.9732e-05	2.9732e-05	4.7648e-15
7.0500e-03	3.4136e-05	3.4136e-05	5.4705e-15
6.7500e-03	2.5049e-05	2.5049e-05	4.0143e-15
6.4500e-03	4.2394e-05	4.2394e-05	6.7940e-15
6.1500e-03	4.6743e-05	4.6743e-05	7.4909e-15
5.8750e-03	3.7641e-05	3.7641e-05	6.0322e-15
5.6250e-03	5.3031e-05	5.3031e-05	8.4986e-15
5.3750e-03	2.1815e-05	2.1815e-05	3.4959e-15
5.1250e-03	2.9132e-05	2.9132e-05	4.6685e-15
4.8750e-03	3.0486e-05	3.0486e-05	4.8856e-15
4.6250e-03	2.6543e-05	2.6543e-05	4.2537e-15
4.3750e-03	1.7683e-05	1.7683e-05	2.8338e-15
4.1250e-03	1.7853e-05	1.7853e-05	2.8610e-15
3.9000e-03	3.8133e-05	3.8133e-05	6.1111e-15
3.7000e-03	2.4288e-05	2.4288e-05	3.8922e-15
3.5000e-03	3.6237e-05	3.6237e-05	5.8072e-15
3.3000e-03	1.2252e-05	1.2252e-05	1.9635e-15
3.1000e-03	1.6711e-05	1.6711e-05	2.6781e-15
2.9000e-03	1.8695e-05	1.8695e-05	2.9960e-15
2.7500e-03	3.5079e-05	3.5079e-05	5.6217e-15
2.6250e-03	2.5873e-05	2.5873e-05	4.1462e-15
2.4750e-03	1.2671e-05	1.2671e-05	2.0306e-15
2.3500e-03	1.0303e-05	1.0303e-05	1.6511e-15
2.2500e-03	9.5953e-06	9.5953e-06	1.5377e-15
2.1500e-03	9.3664e-06	9.3664e-06	1.5010e-15
2.0500e-03	1.2182e-05	1.2182e-05	1.9523e-15
1.9500e-03	1.5900e-05	1.5900e-05	2.5480e-15
1.8500e-03	2.5279e-05	2.5279e-05	4.0511e-15
1.7500e-03	1.0940e-05	1.0940e-05	1.7532e-15
1.6500e-03	3.0416e-05	3.0416e-05	4.8744e-15
1.5500e-03	8.0901e-06	8.0901e-06	1.2965e-15
1.4625e-03	2.4788e-05	2.4788e-05	3.9725e-15
1.3875e-03	8.8137e-06	8.8137e-06	1.4124e-15
1.3125e-03	3.3633e-05	3.3633e-05	5.3899e-15
1.2375e-03	5.6038e-06	5.6038e-06	8.9804e-16
1.1750e-03	5.6426e-06	5.6426e-06	9.0426e-16
1.1250e-03	1.1488e-05	1.1488e-05	1.8410e-15
1.0750e-03	5.6519e-06	5.6519e-06	9.0576e-16
1.0250e-03	5.6221e-06	5.6221e-06	9.0098e-16
9.8000e-04	5.8727e-06	5.8727e-06	9.4114e-16
9.4000e-04	3.4285e-05	3.4285e-05	5.4944e-15
9.0000e-04	5.9001e-06	5.9001e-06	9.4553e-16
8.6000e-04	6.1894e-06	6.1894e-06	9.9189e-16
8.2000e-04	1.5891e-05	1.5891e-05	2.5467e-15
7.8000e-04	8.0964e-06	8.0964e-06	1.2975e-15
7.4000e-04	9.0417e-05	9.0417e-05	1.4490e-14
7.0500e-04	7.2684e-06	7.2684e-06	1.1648e-15
6.7500e-04	3.2638e-05	3.2638e-05	5.2304e-15
6.4500e-04	6.6483e-06	6.6483e-06	1.0654e-15
6.1500e-04	6.3107e-06	6.3107e-06	1.0113e-15
5.8750e-04	6.6541e-06	6.6541e-06	1.0664e-15
5.6250e-04	8.5033e-06	8.5033e-06	1.3627e-15
5.3750e-04	1.1704e-04	1.1704e-04	1.8757e-14
5.1250e-04	8.7435e-06	8.7435e-06	1.4012e-15
4.8750e-04	8.1743e-06	8.1743e-06	1.3100e-15
4.6250e-04	1.5110e-05	1.5110e-05	2.4215e-15
4.3750e-04	6.3201e-06	6.3201e-06	1.0128e-15
4.1250e-04	5.9915e-06	5.9915e-06	9.6018e-16
3.9000e-04	6.4248e-06	6.4248e-06	1.0296e-15
3.7000e-04	6.8866e-06	6.8866e-06	1.1036e-15
3.5000e-04	8.1208e-06	8.1208e-06	1.3014e-15
3.3000e-04	9.1235e-05	9.1235e-05	1.4621e-14
3.1000e-04	9.9360e-05	9.9360e-05	1.5923e-14
2.9000e-04	6.6946e-06	6.6946e-06	1.0729e-15
2.7500e-04	5.5548e-06	5.5548e-06	8.9020e-16
2.6250e-04	5.9969e-06	5.9969e-06	9.6104e-16
2.4750e-04	4.3057e-05	4.3057e-05	6.9002e-15
2.3500e-04	4.4091e-06	4.4091e-06	7.0658e-16
2.2500e-04	3.5849e-06	3.5849e-06	5.7451e-16
2.1500e-04	3.3331e-06	3.3331e-06	5.3416e-16
2.0500e-04	3.2173e-06	3.2173e-06	5.1559e-16
1.9500e-04	3.2494e-06	3.2494e-06	5.2073e-16
1.8500e-04	3.3482e-06	3.3482e-06	5.3657e-16
1.7500e-04	3.6607e-06	3.6607e-06	5.8665e-16
1.6500e-04	4.3798e-06	4.3798e-06	7.0189e-16
1.5500e-04	5.5802e-06	5.5802e-06	8.9426e-16
1.4625e-04	6.8471e-06	6.8471e-06	1.0973e-15
1.3875e-04	7.8659e-06	7.8659e-06	1.2606e-15
1.3125e-04	9.1945e-06	9.1945e-06	1.4735e-15
1.2375e-04	1.0947e-05	1.0947e-05	1.7544e-15
1.1750e-04	1.2197e-05	1.2197e-05	1.9546e-15
1.1250e-04	1.2686e-05	1.2686e-05	2.0331e-15
1.0750e-04	1.3847e-05	1.3847e-05	2.2191e-15
1.0250e-04	1.5294e-05	1.5294e-05	2.4509e-15
9.8000e-05	1.6309e-05	1.6309e-05	2.6136e-15
9.4000e-05	1.1767e-04	1.1767e-04	1.8858e-14
9.0000e-05	2.9749e-05	2.9749e-05	4.7674e-15
8.6000e-05	8.8630e-06	8.8630e-06	1.4203e-15
8.2000e-05	6.2829e-06	6.2829e-06	1.0069e-15
7.8000e-05	4.9482e-06	4.9482e-06	7.9298e-16
7.4000e-05	4.1535e-06	4.1535e-06	6.6562e-16
7.0500e-05	3.7270e-06	3.7270e-06	5.9728e-16
6.7500e-05	3.5372e-06	3.5372e-06	5.6685e-16
6.4500e-05	3.4767e-06	3.4767e-06	5.5717e-16
6.1500e-05	3.5618e-06	3.5618e-06	5.7080e-16
5.8750e-05	3.8473e-06	3.8473e-06	6.1655e-16
5.6250e-05	4.5844e-06	4.5844e-06	7.3468e-16
5.3750e-05	7.1570e-06	7.1570e-06	1.1470e-15
5.1250e-05	1.3321e-05	1.3321e-05	2.1347e-15
4.8750e-05	1.1023e-04	1.1023e-04	1.7666e-14
4.6250e-05	8.4860e-04	8.4860e-04	1.3599e-13
4.3750e-05	1.7610e-05	1.7610e-05	2.8221e-15
4.1250e-05	7.2184e-06	7.2184e-06	1.1568e-15
3.9000e-05	3.2556e-06	3.2556e-06	5.2174e-16
3.7000e-05	3.2884e-06	3.2884e-06	5.2698e-16
3.5000e-05	3.3211e-06	3.3211e-06	5.3223e-16
3.3000e-05	3.3542e-06	3.3542e-06	5.3753e-16
3.1000e-05	3.3876e-06	3.3876e-06	5.4288e-16
2.9000e-05	3.4210e-06	3.4210e-06	5.4824e-16
2.7500e-05	3.4464e-06	3.4464e-06	5.5231e-16
2.6250e-05	3.4679e-06	3.4679e-06	5.5575e-16
2.4750e-05	3.4936e-06	3.4936e-06	5.5987e-16
2.3500e-05	3.5153e-06	3.5153e-06	5.6335e-16
2.2500e-05	3.5330e-06	3.5330e-06	5.6619e-16
2.1500e-05	3.5507e-06	3.5507e-06	5.6902e-16
2.0500e-05	3.5684e-06	3.5684e-06	5.7186e-16
1.9500e-05	3.5876e-06	3.5876e-06	5.7494e-16
1.8500e-05	3.6082e-06	3.6082e-06	5.7824e-16
1.7500e-05	3.6292e-06	3.6292e-06	5.8161e-16
1.6500e-05	3.6508e-06	3.6508e-06	5.8507e-16
1.5500e-05	3.6731e-06	3.6731e-06	5.8864e-16
1.4625e-05	3.6930e-06	3.6930e-06	5.9183e-16
1.3875e-05	3.7107e-06	3.7107e-06	5.9467e-16
1.3125e-05	3.7290e-06	3.7290e-06	5.9760e-16
1.2375e-05	3.7478e-06	3.7478e-06	6.0061e-16
1.1750e-05	3.7641e-06	3.7641e-06	6.0322e-16
1.1250e-05	3.7773e-06	3.7773e-06	6.0534e-16
1.0750e-05	3.7914e-06	3.7914e-06	6.0759e-16
1.0250e-05	3.8055e-06	3.8055e-06	6.0986e-16
9.8000e-06	3.8253e-06	3.8253e-06	6.1303e-16
9.4000e-06	3.8508e-06	3.8508e-06	6.1712e-16
9.0000e-06	3.8764e-06	3.8764e-06	6.2122e-16
8.6000e-06	3.9026e-06	3.9026e-06	6.2542e-16
8.2000e-06	3.9295e-06	3.9295e-06	6.2973e-16
7.8000e-06	3.9565e-06	3.9565e-06	6.3405e-16
7.4000e-06	3.9846e-06	3.9846e-06	6.3856e-16
7.0500e-06	4.0095e-06	4.0095e-06	6.4255e-16
6.7500e-06	4.0312e-06	4.0312e-06	6.4603e-16
6.4500e-06	4.0540e-06	4.0540e-06	6.4968e-16
6.1500e-06	4.0769e-06	4.0769e-06	6.5336e-16
5.8750e-06	4.0984e-06	4.0984e-06	6.5679e-16
5.6250e-06	4.1190e-06	4.1190e-06	6.6010e-16
5.3750e-06	4.1397e-06	4.1397e-06	6.6341e-16
5.1250e-06	4.1609e-06	4.1609e-06	6.6681e-16
4.8750e-06	4.1977e-06	4.1977e-06	6.7271e-16
4.6250e-06	4.2486e-06	4.2486e-06	6.8086e-16
4.3750e-06	4.3008e-06	4.3008e-06	6.8923e-16
4.1250e-06	4.3541e-06	4.3541e-06	6.9777e-16
3.9000e-06	4.4024e-06	4.4024e-06	7.0552e-16
3.7000e-06	4.4474e-06	4.4474e-06	7.1272e-16
3.5000e-06	4.4925e-06	4.4925e-06	7.1995e-16
3.3000e-06	4.5387e-06	4.5387e-06	7.2735e-16
3.1000e-06	4.5866e-06	4.5866e-06	7.3503e-16
2.9000e-06	4.6362e-06	4.6362e-06	7.4298e-16
2.7500e-06	4.6743e-06	4.6743e-06	7.4908e-16
2.6250e-06	4.7073e-06	4.7073e-06	7.5438e-16
2.4750e-06	4.7482e-06	4.7482e-06	7.6092e-16
2.3500e-06	4.7837e-06	4.7837e-06	7.6663e-16
2.2500e-06	4.8131e-06	4.8131e-06	7.7133e-16
2.1500e-06	4.8436e-06	4.8436e-06	7.7622e-16
2.0500e-06	4.8749e-06	4.8749e-06	7.8123e-16
1.9500e-06	4.9075e-06	4.9075e-06	7.8646e-16
1.8500e-06	4.9415e-06	4.9415e-06	7.9191e-16
1.7500e-06	4.9768e-06	4.9768e-06	7.9757e-16
1.6500e-06	5.0141e-06	5.0141e-06	8.0354e-16
1.5500e-06	5.0531e-06	5.0531e-06	8.0980e-16
1.4625e-06	5.0893e-06	5.0893e-06	8.1560e-16
1.3875e-06	5.1219e-06	5.1219e-06	8.2081e-16
1.3125e-06	5.1563e-06	5.1563e-06	8.2633e-16
1.2375e-06	5.1928e-06	5.1928e-06	8.3218e-16
1.1750e-06	5.2245e-06	5.2245e-06	8.3726e-16
1.1250e-06	5.2517e-06	5.2517e-06	8.4161e-16
1.0750e-06	5.2799e-06	5.2799e-06	8.4614e-16
1.0250e-06	5.3096e-06	5.3096e-06	8.5090e-16
9.8000e-07	5.3469e-06	5.3469e-06	8.5688e-16
9.4000e-07	5.3900e-06	5.3900e-06	8.6378e-16
9.0000e-07	5.4350e-06	5.4350e-06	8.7100e-16
8.6000e-07	5.4814e-06	5.4814e-06	8.7842e-16
8.2000e-07	5.5303e-06	5.5303e-06	8.8627e-16
7.8000e-07	5.5803e-06	5.5803e-06	8.9428e-16
7.4000e-07	5.6323e-06	5.6323e-06	9.0261e-16
7.0500e-07	5.6800e-06	5.6800e-06	9.1026e-16
6.7500e-07	5.7216e-06	5.7216e-06	9.1692e-16
6.4500e-07	5.7656e-06	5.7656e-06	9.2397e-16
6.1500e-07	5.8114e-06	5.8114e-06	9.3132e-16
5.8750e-07	5.8562e-06	5.8562e-06	9.3849e-16
5.6250e-07	5.8981e-06	5.8981e-06	9.4520e-16
5.3750e-07	5.9407e-06	5.9407e-06	9.5203e-16
5.1250e-07	5.9863e-06	5.9863e-06	9.5934e-16
4.8750e-07	6.0518e-06	6.0518e-06	9.6984e-16
4.6250e-07	6.1369e-06	6.1369e-06	9.8347e-16
4.3750e-07	6.2250e-06	6.2250e-06	9.9759e-16
4.1250e-07	6.3173e-06	6.3173e-06	1.0124e-15
3.9000e-07	6.4023e-06	6.4023e-06	1.0260e-15
3.7000e-07	6.4828e-06	6.4828e-06	1.0389e-15
3.5000e-07	6.5661e-06	6.5661e-06	1.0523e-15
3.3000e-07	6.6516e-06	6.6516e-06	1.0660e-15
3.1000e-07	6.7437e-06	6.7437e-06	1.0807e-15
2.9000e-07	6.8399e-06	6.8399e-06	1.0961e-15
2.7500e-07	6.9155e-06	6.9155e-06	1.1083e-15
2.6250e-07	6.9820e-06	6.9820e-06	1.1189e-15
2.4750e-07	7.0669e-06	7.0669e-06	1.1325e-15
2.3500e-07	7.1393e-06	7.1393e-06	1.1441e-15
2.2500e-07	7.2027e-06	7.2027e-06	1.1543e-15
2.1500e-07	7.2679e-06	7.2679e-06	1.1647e-15
2.0500e-07	7.3349e-06	7.3349e-06	1.1755e-15
1.9500e-07	7.4093e-06	7.4093e-06	1.1874e-15
1.8500e-07	7.4855e-06	7.4855e-06	1.1996e-15
1.7500e-07	7.5653e-06	7.5653e-06	1.2124e-15
1.6500e-07	7.6536e-06	7.6536e-06	1.2265e-15
1.5500e-07	7.7439e-06	7.7439e-06	1.2410e-15
1.4625e-07	7.8307e-06	7.8307e-06	1.2549e-15
1.3875e-07	7.9112e-06	7.9112e-06	1.2678e-15
1.3125e-07	7.9965e-06	7.9965e-06	1.2815e-15
1.2375e-07	8.0905e-06	8.0905e-06	1.2966e-15
1.1750e-07	8.1698e-06	8.1698e-06	1.3093e-15
1.1250e-07	8.2396e-06	8.2396e-06	1.3204e-15
1.0750e-07	8.3132e-06	8.3132e-06	1.3322e-15
1.0250e-07	8.3915e-06	8.3915e-06	1.3448e-15
9.8000e-08	8.4843e-06	8.4843e-06	1.3597e-15
9.4000e-08	8.5890e-06	8.5890e-06	1.3764e-15
9.0000e-08	8.6992e-06	8.6992e-06	1.3941e-15
8.6000e-08	8.8121e-06	8.8121e-06	1.4122e-15
8.2000e-08	8.9314e-06	8.9314e-06	1.4313e-15
7.8000e-08	9.0570e-06	9.0570e-06	1.4514e-15
7.4000e-08	9.1875e-06	9.1875e-06	1.4724e-15
7.0500e-08	9.3079e-06	9.3079e-06	1.4917e-15
6.7500e-08	9.4184e-06	9.4184e-06	1.5094e-15
6.4500e-08	9.5322e-06	9.5322e-06	1.5276e-15
6.1500e-08	9.6531e-06	9.6531e-06	1.5470e-15
5.8750e-08	9.7682e-06	9.7682e-06	1.5654e-15
5.6250e-08	9.8791e-06	9.8791e-06	1.5832e-15
5.3750e-08	9.9971e-06	9.9971e-06	1.6021e-15
5.1250e-08	1.0124e-05	1.0124e-05	1.6224e-15
4.8750e-08	1.0252e-05	1.0252e-05	1.6429e-15
4.6250e-08	1.0393e-05	1.0393e-05	1.6656e-15
4.3750e-08	1.0544e-05	1.0544e-05	1.6897e-15
4.1250e-08	1.0698e-05	1.0698e-05	1.7145e-15
3.9000e-08	1.0857e-05	1.0857e-05	1.7398e-15
3.7000e-08	1.1002e-05	1.1002e-05	1.7632e-15
3.5000e-08	1.1160e-05	1.1160e-05	1.7884e-15
3.3000e-08	1.1328e-05	1.1328e-05	1.8154e-15
3.1000e-08	1.1512e-05	1.1512e-05	1.8449e-15
2.9000e-08	1.1713e-05	1.1713e-05	1.8771e-15
2.7500e-08	1.1876e-05	1.1876e-05	1.9032e-15
2.6250e-08	1.2023e-05	1.2023e-05	1.9267e-15
2.4750e-08	1.2226e-05	1.2226e-05	1.9593e-15
2.3500e-08	1.2428e-05	1.2428e-05	1.9917e-15
2.2500e-08	1.2599e-05	1.2599e-05	2.0191e-15
2.1500e-08	1.2781e-05	1.2781e-05	2.0483e-15
2.0500e-08	1.2973e-05	1.2973e-05	2.0790e-15
1.9500e-08	1.3175e-05	1.3175e-05	2.1114e-15
1.8500e-08	1.3392e-05	1.3392e-05	2.1461e-15
1.7500e-08	1.3624e-05	1.3624e-05	2.1833e-15
1.6500e-08	1.3873e-05	1.3873e-05	2.2233e-15
1.5500e-08	1.4141e-05	1.4141e-05	2.2662e-15
1.4625e-08	1.4395e-05	1.4395e-05	2.3069e-15
1.3875e-08	1.4630e-05	1.4630e-05	2.3446e-15
1.3125e-08	1.4881e-05	1.4881e-05	2.3847e-15
1.2375e-08	1.5152e-05	1.5152e-05	2.4282e-15
1.1750e-08	1.5398e-05	1.5398e-05	2.4676e-15
1.1250e-08	1.5603e-05	1.5603e-05	2.5004e-15
1.0750e-08	1.5824e-05	1.5824e-05	2.5360e-15
1.0250e-08	1.6064e-05	1.6064e-05	2.5743e-15
9.8000e-09	1.6299e-05	1.6299e-05	2.6120e-15
9.4000e-09	1.6535e-05	1.6535e-05	2.6499e-15
9.0000e-09	1.6785e-05	1.6785e-05	2.6900e-15
8.6000e-09	1.7053e-05	1.7053e-05	2.7328e-15
8.2000e-09	1.7330e-05	1.7330e-05	2.7772e-15
7.8000e-09	1.7629e-05	1.7629e-05	2.8252e-15
7.4000e-09	1.7951e-05	1.7951e-05	2.8768e-15
7.0500e-09	1.8253e-05	1.8253e-05	2.9252e-15
6.7500e-09	1.8523e-05	1.8523e-05	2.9684e-15
6.4500e-09	1.8813e-05	1.8813e-05	3.0149e-15
6.1500e-09	1.9122e-05	1.9122e-05	3.0645e-15
5.8750e-09	1.9426e-05	1.9426e-05	3.1132e-15
5.6250e-09	1.9711e-05	1.9711e-05	3.1588e-15
5.3750e-09	2.0024e-05	2.0024e-05	3.2090e-15
5.1250e-09	2.0356e-05	2.0356e-05	3.2622e-15
4.8750e-09	2.0738e-05	2.0738e-05	3.3233e-15
4.6250e-09	2.1174e-05	2.1174e-05	3.3933e-15
4.3750e-09	2.1636e-05	2.1636e-05	3.4673e-15
4.1250e-09	2.2134e-05	2.2134e-05	3.5471e-15
3.9000e-09	2.2614e-05	2.2614e-05	3.6240e-15
3.7000e-09	2.3080e-05	2.3080e-05	3.6987e-15
3.5000e-09	2.3572e-05	2.3572e-05	3.7776e-15
3.3000e-09	2.4102e-05	2.4102e-05	3.8625e-15
3.1000e-09	2.4678e-05	2.4678e-05	3.9548e-15
2.9000e-09	2.5309e-05	2.5309e-05	4.0560e-15
2.7500e-09	2.5818e-05	2.5818e-05	4.1375e-15
2.6250e-09	2.6289e-05	2.6289e-05	4.2129e-15
2.4750e-09	2.6870e-05	2.6870e-05	4.3061e-15
2.3500e-09	2.7400e-05	2.7400e-05	4.3911e-15
2.2500e-09	2.7854e-05	2.7854e-05	4.4637e-15
2.1500e-09	2.8347e-05	2.8347e-05	4.5428e-15
2.0500e-09	2.8858e-05	2.8858e-05	4.6247e-15
1.9500e-09	2.9410e-05	2.9410e-05	4.7132e-15
1.8500e-09	3.0005e-05	3.0005e-05	4.8085e-15
1.7500e-09	3.0655e-05	3.0655e-05	4.9126e-15
1.6500e-09	3.1340e-05	3.1340e-05	5.0225e-15
1.5500e-09	3.2101e-05	3.2101e-05	5.1444e-15
1.4625e-09	3.2824e-05	3.2824e-05	5.2603e-15
1.3875e-09	3.3497e-05	3.3497e-05	5.3681e-15
1.3125e-09	3.4231e-05	3.4231e-05	5.4858e-15
1.2375e-09	3.5031e-05	3.5031e-05	5.6139e-15
1.1750e-09	3.5739e-05	3.5739e-05	5.7274e-15
1.1250e-09	3.6373e-05	3.6373e-05	5.8290e-15
1.0750e-09	3.7011e-05	3.7011e-05	5.9313e-15
1.0250e-09	3.7705e-05	3.7705e-05	6.0425e-15
9.8000e-10	3.8398e-05	3.8398e-05	6.1535e-15
9.4000e-10	3.9080e-05	3.9080e-05	6.2627e-15
9.0000e-10	3.9818e-05	3.9818e-05	6.3810e-15
8.6000e-10	4.0561e-05	4.0561e-05	6.5002e-15
8.2000e-10	4.1367e-05	4.1367e-05	6.6292e-15
7.8000e-10	4.2239e-05	4.2239e-05	6.7691e-15
7.4000e-10	4.3183e-05	4.3183e-05	6.9204e-15
7.0500e-10	4.4060e-05	4.4060e-05	7.0608e-15
6.7500e-10	4.4868e-05	4.4868e-05	7.1904e-15
6.4500e-10	4.5755e-05	4.5755e-05	7.3326e-15
6.1500e-10	4.6660e-05	4.6660e-05	7.4776e-15
5.8750e-10	4.7566e-05	4.7566e-05	7.6228e-15
5.6250e-10	4.8473e-05	4.8473e-05	7.7681e-15
5.3750e-10	4.9382e-05	4.9382e-05	7.9138e-15
5.1250e-10	5.0360e-05	5.0360e-05	8.0705e-15
4.8750e-10	5.1484e-05	5.1484e-05	8.2507e-15
4.6250e-10	5.2708e-05	5.2708e-05	8.4469e-15
4.3750e-10	5.4061e-05	5.4061e-05	8.6637e-15
4.1250e-10	5.5450e-05	5.5450e-05	8.8862e-15
3.9000e-10	5.6881e-05	5.6881e-05	9.1156e-15
3.7000e-10	5.8197e-05	5.8197e-05	9.3264e-15
3.5000e-10	5.9646e-05	5.9646e-05	9.5587e-15
3.3000e-10	6.1227e-05	6.1227e-05	9.8121e-15
3.1000e-10	6.2894e-05	6.2894e-05	1.0079e-14
2.9000e-10	6.4799e-05	6.4799e-05	1.0384e-14
2.7500e-10	6.6304e-05	6.6304e-05	1.0626e-14
2.6250e-10	6.7676e-05	6.7676e-05	1.0845e-14
2.4750e-10	6.9454e-05	6.9454e-05	1.1130e-14
2.3500e-10	7.1130e-05	7.1130e-05	1.1399e-14
2.2500e-10	7.2529e-05	7.2529e-05	1.1623e-14
2.1500e-10	7.3930e-05	7.3930e-05	1.1848e-14
2.0500e-10	7.5514e-05	7.5514e-05	1.2102e-14
1.9500e-10	7.7235e-05	7.7235e-05	1.2377e-14
1.8500e-10	7.8994e-05	7.8994e-05	1.2659e-14
1.7500e-10	8.1042e-05	8.1042e-05	1.2987e-14
1.6500e-10	8.3153e-05	8.3153e-05	1.3326e-14
1.5500e-10	8.5449e-05	8.5449e-05	1.3694e-14
1.4625e-10	8.7695e-05	8.7695e-05	1.4054e-14
1.3875e-10	8.9778e-05	8.9778e-05	1.4387e-14
1.3125e-10	9.2033e-05	9.2033e-05	1.4749e-14
1.2375e-10	9.4511e-05	9.4511e-05	1.5146e-14
1.1750e-10	9.6718e-05	9.6718e-05	1.5500e-14
1.1250e-10	9.8627e-05	9.8627e-05	1.5806e-14
1.0750e-10	1.0068e-04	1.0068e-04	1.6134e-14
1.0250e-10	1.0288e-04	1.0288e-04	1.6487e-14