# E_MeV   NIEL(MeV cm^2 g^-1) – down-sampled to 30 points from 'srniel_GaAs_E722-19.txt'
1.025000e-10 1.028800e-04
2.511929e-10 6.901627e-05
6.155888e-10 4.664224e-05
1.508600e-09 3.244308e-05
3.697069e-09 2.308721e-05
9.060266e-09 1.674733e-05
2.220365e-08 1.265294e-05
5.441364e-08 9.965776e-06
1.333494e-07 7.972622e-06
3.267944e-07 6.666362e-06
8.008626e-07 5.554222e-06
1.962644e-06 4.903378e-06
4.809776e-06 4.210980e-06
1.178714e-05 3.763132e-06
2.888628e-05 3.422926e-06
7.079052e-05 3.762402e-06
1.734836e-04 3.769742e-06
4.251497e-04 6.157768e-06
1.041898e-03 5.632171e-06
2.553341e-03 1.956602e-05
6.257375e-03 4.518642e-05
1.533471e-02 4.849501e-05
3.758019e-02 8.942563e-05
9.209635e-02 1.884219e-04
2.256970e-01 3.327518e-04
5.531071e-01 4.787440e-04
1.355479e+00 5.767292e-04
3.321820e+00 7.201121e-04
8.140658e+00 1.052412e-03
1.995000e+01 1.142100e-03
