# E_MeV   NIEL(MeV cm^2 g^-1) – down-sampled to 30 points from 'srniel_Si_E722-19.txt'
1.025000e-10 3.249600e-05
2.511929e-10 2.075481e-05
6.155888e-10 1.325594e-05
1.508600e-09 8.470677e-06
3.697069e-09 5.412200e-06
9.060266e-09 3.458417e-06
2.220365e-08 2.208832e-06
5.441364e-08 1.410952e-06
1.333494e-07 9.019575e-07
3.267944e-07 5.774088e-07
8.008626e-07 3.707702e-07
1.962644e-06 2.396176e-07
4.809776e-06 1.635209e-07
1.178714e-05 1.265100e-07
2.888628e-05 1.370678e-07
7.079052e-05 2.215722e-07
1.734836e-04 4.638729e-07
4.251497e-04 1.070359e-06
1.041898e-03 2.531480e-06
2.553341e-03 5.987800e-06
6.257375e-03 1.396062e-05
1.533471e-02 3.264983e-05
3.758019e-02 6.188055e-05
9.209635e-02 1.099342e-04
2.256970e-01 1.506313e-03
5.531071e-01 2.241589e-03
1.355479e+00 1.946241e-03
3.321820e+00 2.537836e-03
8.140658e+00 3.507289e-03
1.995000e+01 4.232500e-03
