1.9950e+01	4.2325e-03	4.2325e-03	6.7828e-13
1.9850e+01	4.2192e-03	4.2192e-03	6.7615e-13
1.9750e+01	4.2057e-03	4.2057e-03	6.7399e-13
1.9650e+01	4.1934e-03	4.1934e-03	6.7203e-13
1.9550e+01	4.1868e-03	4.1868e-03	6.7096e-13
1.9450e+01	4.1815e-03	4.1815e-03	6.7011e-13
1.9350e+01	4.1808e-03	4.1808e-03	6.7001e-13
1.9250e+01	4.1836e-03	4.1836e-03	6.7045e-13
1.9150e+01	4.1933e-03	4.1933e-03	6.7201e-13
1.9050e+01	4.2216e-03	4.2216e-03	6.7654e-13
1.8950e+01	4.2493e-03	4.2493e-03	6.8098e-13
1.8850e+01	4.2695e-03	4.2695e-03	6.8422e-13
1.8750e+01	4.2869e-03	4.2869e-03	6.8701e-13
1.8650e+01	4.2406e-03	4.2406e-03	6.7958e-13
1.8550e+01	4.1571e-03	4.1571e-03	6.6620e-13
1.8450e+01	4.1176e-03	4.1176e-03	6.5987e-13
1.8350e+01	4.1393e-03	4.1393e-03	6.6334e-13
1.8250e+01	4.1635e-03	4.1635e-03	6.6723e-13
1.8150e+01	4.1938e-03	4.1938e-03	6.7208e-13
1.8050e+01	4.2112e-03	4.2112e-03	6.7487e-13
1.7950e+01	4.1631e-03	4.1631e-03	6.6716e-13
1.7850e+01	4.1105e-03	4.1105e-03	6.5873e-13
1.7750e+01	4.0847e-03	4.0847e-03	6.5460e-13
1.7650e+01	4.0681e-03	4.0681e-03	6.5194e-13
1.7550e+01	4.0902e-03	4.0902e-03	6.5548e-13
1.7450e+01	4.1199e-03	4.1199e-03	6.6024e-13
1.7350e+01	4.1244e-03	4.1244e-03	6.6096e-13
1.7250e+01	4.1214e-03	4.1214e-03	6.6047e-13
1.7150e+01	4.1256e-03	4.1256e-03	6.6116e-13
1.7050e+01	4.1310e-03	4.1310e-03	6.6202e-13
1.6950e+01	4.1185e-03	4.1185e-03	6.6002e-13
1.6850e+01	4.1067e-03	4.1067e-03	6.5813e-13
1.6750e+01	4.1520e-03	4.1520e-03	6.6539e-13
1.6650e+01	4.1877e-03	4.1877e-03	6.7110e-13
1.6550e+01	4.0797e-03	4.0797e-03	6.5380e-13
1.6450e+01	3.9799e-03	3.9799e-03	6.3781e-13
1.6350e+01	3.9997e-03	3.9997e-03	6.4098e-13
1.6250e+01	4.0251e-03	4.0251e-03	6.4504e-13
1.6150e+01	4.0376e-03	4.0376e-03	6.4705e-13
1.6050e+01	4.0365e-03	4.0365e-03	6.4688e-13
1.5950e+01	4.0192e-03	4.0192e-03	6.4410e-13
1.5850e+01	3.9501e-03	3.9501e-03	6.3303e-13
1.5750e+01	3.8643e-03	3.8643e-03	6.1929e-13
1.5650e+01	3.8410e-03	3.8410e-03	6.1555e-13
1.5550e+01	3.8445e-03	3.8445e-03	6.1611e-13
1.5450e+01	3.8839e-03	3.8839e-03	6.2242e-13
1.5350e+01	3.9086e-03	3.9086e-03	6.2639e-13
1.5250e+01	3.9109e-03	3.9109e-03	6.2674e-13
1.5150e+01	3.8251e-03	3.8251e-03	6.1300e-13
1.5050e+01	3.7672e-03	3.7672e-03	6.0372e-13
1.4950e+01	3.8474e-03	3.8474e-03	6.1657e-13
1.4850e+01	3.8346e-03	3.8346e-03	6.1451e-13
1.4750e+01	3.7645e-03	3.7645e-03	6.0328e-13
1.4650e+01	3.7456e-03	3.7456e-03	6.0026e-13
1.4550e+01	3.7958e-03	3.7958e-03	6.0830e-13
1.4450e+01	3.9054e-03	3.9054e-03	6.2587e-13
1.4350e+01	3.9016e-03	3.9016e-03	6.2525e-13
1.4250e+01	3.8751e-03	3.8751e-03	6.2102e-13
1.4150e+01	3.8485e-03	3.8485e-03	6.1675e-13
1.4050e+01	3.7858e-03	3.7858e-03	6.0669e-13
1.3950e+01	3.8288e-03	3.8288e-03	6.1360e-13
1.3850e+01	3.9546e-03	3.9546e-03	6.3376e-13
1.3750e+01	3.8194e-03	3.8194e-03	6.1208e-13
1.3650e+01	3.7681e-03	3.7681e-03	6.0386e-13
1.3550e+01	3.8140e-03	3.8140e-03	6.1122e-13
1.3450e+01	3.8881e-03	3.8881e-03	6.2309e-13
1.3350e+01	3.8198e-03	3.8198e-03	6.1215e-13
1.3250e+01	3.7930e-03	3.7930e-03	6.0785e-13
1.3150e+01	3.8623e-03	3.8623e-03	6.1896e-13
1.3050e+01	3.9303e-03	3.9303e-03	6.2986e-13
1.2950e+01	3.9115e-03	3.9115e-03	6.2683e-13
1.2850e+01	3.9038e-03	3.9038e-03	6.2560e-13
1.2750e+01	3.9162e-03	3.9162e-03	6.2760e-13
1.2650e+01	3.8757e-03	3.8757e-03	6.2111e-13
1.2550e+01	3.7124e-03	3.7124e-03	5.9494e-13
1.2450e+01	3.7793e-03	3.7793e-03	6.0565e-13
1.2350e+01	3.8427e-03	3.8427e-03	6.1581e-13
1.2250e+01	3.8278e-03	3.8278e-03	6.1343e-13
1.2150e+01	3.8204e-03	3.8204e-03	6.1225e-13
1.2050e+01	3.7620e-03	3.7620e-03	6.0289e-13
1.1950e+01	3.7263e-03	3.7263e-03	5.9716e-13
1.1850e+01	3.6983e-03	3.6983e-03	5.9268e-13
1.1750e+01	3.6911e-03	3.6911e-03	5.9152e-13
1.1650e+01	3.7227e-03	3.7227e-03	5.9659e-13
1.1550e+01	3.7439e-03	3.7439e-03	5.9998e-13
1.1450e+01	3.7172e-03	3.7172e-03	5.9570e-13
1.1350e+01	3.6538e-03	3.6538e-03	5.8554e-13
1.1250e+01	3.5646e-03	3.5646e-03	5.7124e-13
1.1150e+01	3.5393e-03	3.5393e-03	5.6719e-13
1.1050e+01	3.6515e-03	3.6515e-03	5.8518e-13
1.0950e+01	3.7088e-03	3.7088e-03	5.9436e-13
1.0850e+01	3.7104e-03	3.7104e-03	5.9462e-13
1.0750e+01	3.6291e-03	3.6291e-03	5.8159e-13
1.0650e+01	3.5244e-03	3.5244e-03	5.6480e-13
1.0550e+01	3.5692e-03	3.5692e-03	5.7198e-13
1.0450e+01	3.5941e-03	3.5941e-03	5.7597e-13
1.0350e+01	3.7229e-03	3.7229e-03	5.9662e-13
1.0250e+01	3.7063e-03	3.7063e-03	5.9397e-13
1.0150e+01	3.7412e-03	3.7412e-03	5.9955e-13
1.0050e+01	3.6962e-03	3.6962e-03	5.9234e-13
9.9500e+00	3.7346e-03	3.7346e-03	5.9849e-13
9.8500e+00	3.6823e-03	3.6823e-03	5.9012e-13
9.7500e+00	3.5862e-03	3.5862e-03	5.7472e-13
9.6500e+00	3.5083e-03	3.5083e-03	5.6223e-13
9.5500e+00	3.7086e-03	3.7086e-03	5.9433e-13
9.4500e+00	3.8218e-03	3.8218e-03	6.1247e-13
9.3500e+00	3.6700e-03	3.6700e-03	5.8814e-13
9.2500e+00	3.3842e-03	3.3842e-03	5.4235e-13
9.1500e+00	3.5061e-03	3.5061e-03	5.6187e-13
9.0500e+00	3.9276e-03	3.9276e-03	6.2942e-13
8.9500e+00	3.9353e-03	3.9353e-03	6.3066e-13
8.8500e+00	3.5196e-03	3.5196e-03	5.6404e-13
8.7500e+00	3.2942e-03	3.2942e-03	5.2792e-13
8.6500e+00	3.6697e-03	3.6697e-03	5.8809e-13
8.5500e+00	3.6848e-03	3.6848e-03	5.9051e-13
8.4500e+00	3.7085e-03	3.7085e-03	5.9431e-13
8.3500e+00	3.6830e-03	3.6830e-03	5.9022e-13
8.2500e+00	3.6323e-03	3.6323e-03	5.8210e-13
8.1500e+00	3.4780e-03	3.4780e-03	5.5737e-13
8.0500e+00	3.7915e-03	3.7915e-03	6.0761e-13
7.9500e+00	4.1647e-03	4.1647e-03	6.6741e-13
7.8500e+00	3.8809e-03	3.8809e-03	6.2195e-13
7.7500e+00	3.8824e-03	3.8824e-03	6.2218e-13
7.6500e+00	3.7351e-03	3.7351e-03	5.9858e-13
7.5500e+00	3.6743e-03	3.6743e-03	5.8883e-13
7.4500e+00	3.7359e-03	3.7359e-03	5.9871e-13
7.3500e+00	3.7818e-03	3.7818e-03	6.0606e-13
7.2500e+00	3.7625e-03	3.7625e-03	6.0296e-13
7.1500e+00	3.0653e-03	3.0653e-03	4.9123e-13
7.0500e+00	3.7032e-03	3.7032e-03	5.9346e-13
6.9500e+00	3.1640e-03	3.1640e-03	5.0705e-13
6.8500e+00	3.2765e-03	3.2765e-03	5.2508e-13
6.7500e+00	3.7039e-03	3.7039e-03	5.9357e-13
6.6500e+00	3.3586e-03	3.3586e-03	5.3823e-13
6.5500e+00	2.7485e-03	2.7485e-03	4.4046e-13
6.4500e+00	3.1520e-03	3.1520e-03	5.0513e-13
6.3500e+00	3.4110e-03	3.4110e-03	5.4663e-13
6.2500e+00	3.9356e-03	3.9356e-03	6.3070e-13
6.1500e+00	2.8338e-03	2.8338e-03	4.5413e-13
6.0500e+00	3.4556e-03	3.4556e-03	5.5378e-13
5.9500e+00	3.0471e-03	3.0471e-03	4.8832e-13
5.8500e+00	3.7174e-03	3.7174e-03	5.9574e-13
5.7500e+00	4.0070e-03	4.0070e-03	6.4215e-13
5.6500e+00	3.3436e-03	3.3436e-03	5.3583e-13
5.5500e+00	3.2482e-03	3.2482e-03	5.2055e-13
5.4500e+00	2.6470e-03	2.6470e-03	4.2420e-13
5.3500e+00	2.7681e-03	2.7681e-03	4.4361e-13
5.2500e+00	3.3270e-03	3.3270e-03	5.3317e-13
5.1500e+00	3.7860e-03	3.7860e-03	6.0673e-13
5.0500e+00	3.3263e-03	3.3263e-03	5.3306e-13
4.9500e+00	3.2511e-03	3.2511e-03	5.2101e-13
4.8500e+00	3.5415e-03	3.5415e-03	5.6755e-13
4.7500e+00	4.1335e-03	4.1335e-03	6.6242e-13
4.6500e+00	3.4489e-03	3.4489e-03	5.5271e-13
4.5500e+00	3.0866e-03	3.0866e-03	4.9465e-13
4.4500e+00	3.1041e-03	3.1041e-03	4.9745e-13
4.3500e+00	2.9706e-03	2.9706e-03	4.7605e-13
4.2500e+00	3.6672e-03	3.6672e-03	5.8769e-13
4.1500e+00	2.3623e-03	2.3623e-03	3.7857e-13
4.0500e+00	2.9384e-03	2.9384e-03	4.7089e-13
3.9500e+00	2.9849e-03	2.9849e-03	4.7835e-13
3.8500e+00	2.4413e-03	2.4413e-03	3.9123e-13
3.7500e+00	2.5392e-03	2.5392e-03	4.0692e-13
3.6500e+00	1.5372e-03	1.5372e-03	2.4635e-13
3.5500e+00	2.4892e-03	2.4892e-03	3.9891e-13
3.4500e+00	2.5809e-03	2.5809e-03	4.1360e-13
3.3500e+00	2.5003e-03	2.5003e-03	4.0069e-13
3.2500e+00	2.6335e-03	2.6335e-03	4.2204e-13
3.1500e+00	2.9267e-03	2.9267e-03	4.6903e-13
3.0500e+00	2.6153e-03	2.6153e-03	4.1912e-13
2.9500e+00	2.1710e-03	2.1710e-03	3.4791e-13
2.8500e+00	2.9451e-03	2.9451e-03	4.7196e-13
2.7500e+00	2.3570e-03	2.3570e-03	3.7772e-13
2.6500e+00	2.5276e-03	2.5276e-03	4.0507e-13
2.5500e+00	2.8247e-03	2.8247e-03	4.5267e-13
2.4500e+00	2.5900e-03	2.5900e-03	4.1506e-13
2.3500e+00	2.2596e-03	2.2596e-03	3.6212e-13
2.2500e+00	2.3003e-03	2.3003e-03	3.6863e-13
2.1500e+00	2.3632e-03	2.3632e-03	3.7872e-13
2.0500e+00	2.0841e-03	2.0841e-03	3.3399e-13
1.9500e+00	2.8385e-03	2.8385e-03	4.5488e-13
1.8500e+00	2.8746e-03	2.8746e-03	4.6067e-13
1.7500e+00	1.7147e-03	1.7147e-03	2.7480e-13
1.6500e+00	3.6203e-03	3.6203e-03	5.8018e-13
1.5500e+00	2.3255e-03	2.3255e-03	3.7267e-13
1.4500e+00	2.2092e-03	2.2092e-03	3.5403e-13
1.3500e+00	1.9310e-03	1.9310e-03	3.0946e-13
1.2500e+00	1.9801e-03	1.9801e-03	3.1732e-13
1.1500e+00	1.3616e-03	1.3616e-03	2.1821e-13
1.0500e+00	1.6573e-03	1.6573e-03	2.6560e-13
9.8000e-01	2.4078e-03	2.4078e-03	3.8586e-13
9.4000e-01	2.3967e-03	2.3967e-03	3.8408e-13
9.0000e-01	1.9476e-03	1.9476e-03	3.1212e-13
8.6000e-01	1.7167e-03	1.7167e-03	2.7511e-13
8.2000e-01	2.9937e-03	2.9937e-03	4.7976e-13
7.8000e-01	1.9083e-03	1.9083e-03	3.0582e-13
7.4000e-01	1.3970e-03	1.3970e-03	2.2388e-13
7.0500e-01	1.2494e-03	1.2494e-03	2.0023e-13
6.7500e-01	1.2011e-03	1.2011e-03	1.9248e-13
6.4500e-01	1.1733e-03	1.1733e-03	1.8803e-13
6.1500e-01	1.1383e-03	1.1383e-03	1.8241e-13
5.8750e-01	1.2492e-03	1.2492e-03	2.0019e-13
5.6250e-01	2.6412e-03	2.6412e-03	4.2326e-13
5.3750e-01	1.5776e-03	1.5776e-03	2.5282e-13
5.1250e-01	1.2505e-03	1.2505e-03	2.0040e-13
4.8750e-01	1.1961e-03	1.1961e-03	1.9168e-13
4.6250e-01	1.1623e-03	1.1623e-03	1.8626e-13
4.3750e-01	1.1354e-03	1.1354e-03	1.8196e-13
4.1250e-01	1.1251e-03	1.1251e-03	1.8030e-13
3.9000e-01	1.1076e-03	1.1076e-03	1.7750e-13
3.7000e-01	1.0497e-03	1.0497e-03	1.6821e-13
3.5000e-01	1.0621e-03	1.0621e-03	1.7021e-13
3.3000e-01	1.0822e-03	1.0822e-03	1.7343e-13
3.1000e-01	1.0894e-03	1.0894e-03	1.7459e-13
2.9000e-01	1.1217e-03	1.1217e-03	1.7976e-13
2.7500e-01	1.1524e-03	1.1524e-03	1.8468e-13
2.6250e-01	1.1992e-03	1.1992e-03	1.9219e-13
2.4750e-01	1.2785e-03	1.2785e-03	2.0489e-13
2.3500e-01	1.3877e-03	1.3877e-03	2.2239e-13
2.2500e-01	1.5152e-03	1.5152e-03	2.4282e-13
2.1500e-01	1.7065e-03	1.7065e-03	2.7348e-13
2.0500e-01	1.9920e-03	1.9920e-03	3.1923e-13
1.9500e-01	2.3667e-03	2.3667e-03	3.7929e-13
1.8500e-01	2.4341e-03	2.4341e-03	3.9008e-13
1.7500e-01	1.4194e-03	1.4194e-03	2.2747e-13
1.6500e-01	4.3653e-04	4.3653e-04	6.9957e-14
1.5500e-01	9.4326e-05	9.4326e-05	1.5116e-14
1.4625e-01	2.1893e-05	2.1893e-05	3.5085e-15
1.3875e-01	2.5324e-05	2.5324e-05	4.0583e-15
1.3125e-01	4.0998e-05	4.0998e-05	6.5702e-15
1.2375e-01	5.8298e-05	5.8298e-05	9.3426e-15
1.1750e-01	7.2096e-05	7.2096e-05	1.1554e-14
1.1250e-01	8.1711e-05	8.1711e-05	1.3095e-14
1.0750e-01	9.0453e-05	9.0453e-05	1.4496e-14
1.0250e-01	9.7840e-05	9.7840e-05	1.5680e-14
9.8000e-02	1.0382e-04	1.0382e-04	1.6638e-14
9.4000e-02	1.0814e-04	1.0814e-04	1.7330e-14
9.0000e-02	1.1191e-04	1.1191e-04	1.7934e-14
8.6000e-02	1.1566e-04	1.1566e-04	1.8536e-14
8.2000e-02	1.1808e-04	1.1808e-04	1.8923e-14
7.8000e-02	1.2099e-04	1.2099e-04	1.9389e-14
7.4000e-02	1.2431e-04	1.2431e-04	1.9921e-14
7.0500e-02	1.2813e-04	1.2813e-04	2.0533e-14
6.7500e-02	1.3768e-04	1.3768e-04	2.2064e-14
6.4500e-02	1.4353e-04	1.4353e-04	2.3001e-14
6.1500e-02	1.6591e-04	1.6591e-04	2.6588e-14
5.8750e-02	2.4152e-04	2.4152e-04	3.8705e-14
5.6250e-02	1.0394e-03	1.0394e-03	1.6657e-13
5.3750e-02	3.0022e-05	3.0022e-05	4.8112e-15
5.1250e-02	3.5650e-05	3.5650e-05	5.7132e-15
4.8750e-02	4.9642e-05	4.9642e-05	7.9554e-15
4.6250e-02	5.6044e-05	5.6044e-05	8.9815e-15
4.3750e-02	5.8969e-05	5.8969e-05	9.4502e-15
4.1250e-02	5.9943e-05	5.9943e-05	9.6062e-15
3.9000e-02	6.9167e-05	6.9167e-05	1.1084e-14
3.7000e-02	5.8903e-05	5.8903e-05	9.4395e-15
3.5000e-02	5.7537e-05	5.7537e-05	9.2206e-15
3.3000e-02	5.5839e-05	5.5839e-05	8.9485e-15
3.1000e-02	5.3889e-05	5.3889e-05	8.6361e-15
2.9000e-02	5.1571e-05	5.1571e-05	8.2647e-15
2.7500e-02	4.9579e-05	4.9579e-05	7.9454e-15
2.6250e-02	4.7832e-05	4.7832e-05	7.6654e-15
2.4750e-02	4.5735e-05	4.5735e-05	7.3293e-15
2.3500e-02	4.3994e-05	4.3994e-05	7.0503e-15
2.2500e-02	4.2596e-05	4.2596e-05	6.8262e-15
2.1500e-02	4.1195e-05	4.1195e-05	6.6018e-15
2.0500e-02	3.9795e-05	3.9795e-05	6.3774e-15
1.9500e-02	3.8281e-05	3.8281e-05	6.1348e-15
1.8500e-02	3.6654e-05	3.6654e-05	5.8740e-15
1.7500e-02	3.5014e-05	3.5014e-05	5.6111e-15
1.6500e-02	3.3307e-05	3.3307e-05	5.3376e-15
1.5500e-02	3.3253e-05	3.3253e-05	5.3290e-15
1.4625e-02	3.0060e-05	3.0060e-05	4.8174e-15
1.3875e-02	2.8697e-05	2.8697e-05	4.5988e-15
1.3125e-02	2.7339e-05	2.7339e-05	4.3813e-15
1.2375e-02	2.5969e-05	2.5969e-05	4.1617e-15
1.1750e-02	2.4790e-05	2.4790e-05	3.9727e-15
1.1250e-02	2.3844e-05	2.3844e-05	3.8212e-15
1.0750e-02	2.2894e-05	2.2894e-05	3.6689e-15
1.0250e-02	2.1946e-05	2.1946e-05	3.5171e-15
9.8000e-03	2.1082e-05	2.1082e-05	3.3786e-15
9.4000e-03	2.0298e-05	2.0298e-05	3.2528e-15
9.0000e-03	1.9513e-05	1.9513e-05	3.1270e-15
8.6000e-03	1.8721e-05	1.8721e-05	3.0002e-15
8.2000e-03	1.7920e-05	1.7920e-05	2.8717e-15
7.8000e-03	1.7115e-05	1.7115e-05	2.7429e-15
7.4000e-03	1.6309e-05	1.6309e-05	2.6137e-15
7.0500e-03	1.5593e-05	1.5593e-05	2.4989e-15
6.7500e-03	1.4975e-05	1.4975e-05	2.3999e-15
6.4500e-03	1.4360e-05	1.4360e-05	2.3013e-15
6.1500e-03	1.3738e-05	1.3738e-05	2.2016e-15
5.8750e-03	1.3161e-05	1.3161e-05	2.1092e-15
5.6250e-03	1.2636e-05	1.2636e-05	2.0250e-15
5.3750e-03	1.2111e-05	1.2111e-05	1.9408e-15
5.1250e-03	1.1594e-05	1.1594e-05	1.8580e-15
4.8750e-03	1.1721e-05	1.1721e-05	1.8783e-15
4.6250e-03	1.0520e-05	1.0520e-05	1.6859e-15
4.3750e-03	9.9837e-06	9.9837e-06	1.5999e-15
4.1250e-03	9.4433e-06	9.4433e-06	1.5133e-15
3.9000e-03	8.9544e-06	8.9544e-06	1.4350e-15
3.7000e-03	8.5191e-06	8.5191e-06	1.3652e-15
3.5000e-03	8.0838e-06	8.0838e-06	1.2955e-15
3.3000e-03	7.6421e-06	7.6421e-06	1.2247e-15
3.1000e-03	7.2004e-06	7.2004e-06	1.1539e-15
2.9000e-03	6.7587e-06	6.7587e-06	1.0831e-15
2.7500e-03	6.4285e-06	6.4285e-06	1.0302e-15
2.6250e-03	6.1476e-06	6.1476e-06	9.8519e-16
2.4750e-03	5.8131e-06	5.8131e-06	9.3158e-16
2.3500e-03	5.5386e-06	5.5386e-06	8.8760e-16
2.2500e-03	9.2396e-06	9.2396e-06	1.4807e-15
2.1500e-03	5.0948e-06	5.0948e-06	8.1647e-16
2.0500e-03	4.8546e-06	4.8546e-06	7.7798e-16
1.9500e-03	4.6252e-06	4.6252e-06	7.4121e-16
1.8500e-03	4.3979e-06	4.3979e-06	7.0479e-16
1.7500e-03	4.1684e-06	4.1684e-06	6.6802e-16
1.6500e-03	3.9390e-06	3.9390e-06	6.3125e-16
1.5500e-03	3.7096e-06	3.7096e-06	5.9448e-16
1.4625e-03	3.5080e-06	3.5080e-06	5.6218e-16
1.3875e-03	3.3343e-06	3.3343e-06	5.3435e-16
1.3125e-03	3.1606e-06	3.1606e-06	5.0651e-16
1.2375e-03	2.9869e-06	2.9869e-06	4.7868e-16
1.1750e-03	2.8411e-06	2.8411e-06	4.5531e-16
1.1250e-03	2.7253e-06	2.7253e-06	4.3675e-16
1.0750e-03	2.6096e-06	2.6096e-06	4.1820e-16
1.0250e-03	2.4916e-06	2.4916e-06	3.9930e-16
9.8000e-04	2.3866e-06	2.3866e-06	3.8246e-16
9.4000e-04	2.2922e-06	2.2922e-06	3.6734e-16
9.0000e-04	2.1979e-06	2.1979e-06	3.5222e-16
8.6000e-04	2.1057e-06	2.1057e-06	3.3745e-16
8.2000e-04	2.0092e-06	2.0092e-06	3.2198e-16
7.8000e-04	1.9148e-06	1.9148e-06	3.0686e-16
7.4000e-04	1.8205e-06	1.8205e-06	2.9174e-16
7.0500e-04	1.7390e-06	1.7390e-06	2.7868e-16
6.7500e-04	1.6661e-06	1.6661e-06	2.6700e-16
6.4500e-04	1.5953e-06	1.5953e-06	2.5566e-16
6.1500e-04	1.5246e-06	1.5246e-06	2.4432e-16
5.8750e-04	1.4581e-06	1.4581e-06	2.3367e-16
5.6250e-04	1.4002e-06	1.4002e-06	2.2439e-16
5.3750e-04	1.3402e-06	1.3402e-06	2.1477e-16
5.1250e-04	1.2801e-06	1.2801e-06	2.0515e-16
4.8750e-04	1.2201e-06	1.2201e-06	1.9553e-16
4.6250e-04	1.1600e-06	1.1600e-06	1.8590e-16
4.3750e-04	1.1000e-06	1.1000e-06	1.7628e-16
4.1250e-04	1.0400e-06	1.0400e-06	1.6666e-16
3.9000e-04	9.8636e-07	9.8636e-07	1.5807e-16
3.7000e-04	9.3704e-07	9.3704e-07	1.5017e-16
3.5000e-04	8.8987e-07	8.8987e-07	1.4261e-16
3.3000e-04	8.4055e-07	8.4055e-07	1.3470e-16
3.1000e-04	7.9337e-07	7.9337e-07	1.2714e-16
2.9000e-04	7.4406e-07	7.4406e-07	1.1924e-16
2.7500e-04	7.0975e-07	7.0975e-07	1.1374e-16
2.6250e-04	6.7973e-07	6.7973e-07	1.0893e-16
2.4750e-04	6.4328e-07	6.4328e-07	1.0309e-16
2.3500e-04	6.1326e-07	6.1326e-07	9.8278e-17
2.2500e-04	5.8753e-07	5.8753e-07	9.4155e-17
2.1500e-04	5.6394e-07	5.6394e-07	9.0375e-17
2.0500e-04	5.4035e-07	5.4035e-07	8.6595e-17
1.9500e-04	5.1677e-07	5.1677e-07	8.2815e-17
1.8500e-04	4.9103e-07	4.9103e-07	7.8691e-17
1.7500e-04	4.6745e-07	4.6745e-07	7.4911e-17
1.6500e-04	4.4386e-07	4.4386e-07	7.1132e-17
1.5500e-04	4.2027e-07	4.2027e-07	6.7352e-17
1.4625e-04	3.9883e-07	3.9883e-07	6.3915e-17
1.3875e-04	3.8168e-07	3.8168e-07	6.1166e-17
1.3125e-04	3.6238e-07	3.6238e-07	5.8074e-17
1.2375e-04	3.4523e-07	3.4523e-07	5.5325e-17
1.1750e-04	3.3022e-07	3.3022e-07	5.2919e-17
1.1250e-04	3.1735e-07	3.1735e-07	5.0857e-17
1.0750e-04	3.0663e-07	3.0663e-07	4.9139e-17
1.0250e-04	2.9376e-07	2.9376e-07	4.7077e-17
9.8000e-05	2.8304e-07	2.8304e-07	4.5359e-17
9.4000e-05	2.7446e-07	2.7446e-07	4.3985e-17
9.0000e-05	2.6589e-07	2.6589e-07	4.2610e-17
8.6000e-05	2.5517e-07	2.5517e-07	4.0892e-17
8.2000e-05	2.4659e-07	2.4659e-07	3.9518e-17
7.8000e-05	2.3801e-07	2.3801e-07	3.8143e-17
7.4000e-05	2.2944e-07	2.2944e-07	3.6768e-17
7.0500e-05	2.2086e-07	2.2086e-07	3.5394e-17
6.7500e-05	2.1443e-07	2.1443e-07	3.4363e-17
6.4500e-05	2.0799e-07	2.0799e-07	3.3332e-17
6.1500e-05	2.0156e-07	2.0156e-07	3.2301e-17
5.8750e-05	1.9513e-07	1.9513e-07	3.1270e-17
5.6250e-05	1.8869e-07	1.8869e-07	3.0240e-17
5.3750e-05	1.8441e-07	1.8441e-07	2.9552e-17
5.1250e-05	1.7797e-07	1.7797e-07	2.8521e-17
4.8750e-05	1.7368e-07	1.7368e-07	2.7834e-17
4.6250e-05	1.6940e-07	1.6940e-07	2.7147e-17
4.3750e-05	1.6296e-07	1.6296e-07	2.6116e-17
4.1250e-05	1.5867e-07	1.5867e-07	2.5429e-17
3.9000e-05	1.5439e-07	1.5439e-07	2.4741e-17
3.7000e-05	1.5010e-07	1.5010e-07	2.4054e-17
3.5000e-05	1.4581e-07	1.4581e-07	2.3367e-17
3.3000e-05	1.4367e-07	1.4367e-07	2.3023e-17
3.1000e-05	1.3938e-07	1.3938e-07	2.2336e-17
2.9000e-05	1.3723e-07	1.3723e-07	2.1992e-17
2.7500e-05	1.3509e-07	1.3509e-07	2.1649e-17
2.6250e-05	1.3294e-07	1.3294e-07	2.1305e-17
2.4750e-05	1.3080e-07	1.3080e-07	2.0961e-17
2.3500e-05	1.3080e-07	1.3080e-07	2.0961e-17
2.2500e-05	1.2866e-07	1.2866e-07	2.0618e-17
2.1500e-05	1.2866e-07	1.2866e-07	2.0618e-17
2.0500e-05	1.2651e-07	1.2651e-07	2.0274e-17
1.9500e-05	1.2651e-07	1.2651e-07	2.0274e-17
1.8500e-05	1.2437e-07	1.2437e-07	1.9931e-17
1.7500e-05	1.2437e-07	1.2437e-07	1.9931e-17
1.6500e-05	1.2437e-07	1.2437e-07	1.9931e-17
1.5500e-05	1.2437e-07	1.2437e-07	1.9931e-17
1.4625e-05	1.2437e-07	1.2437e-07	1.9931e-17
1.3875e-05	1.2437e-07	1.2437e-07	1.9931e-17
1.3125e-05	1.2651e-07	1.2651e-07	2.0274e-17
1.2375e-05	1.2651e-07	1.2651e-07	2.0274e-17
1.1750e-05	1.2651e-07	1.2651e-07	2.0274e-17
1.1250e-05	1.2866e-07	1.2866e-07	2.0618e-17
1.0750e-05	1.2866e-07	1.2866e-07	2.0618e-17
1.0250e-05	1.3080e-07	1.3080e-07	2.0961e-17
9.8000e-06	1.3080e-07	1.3080e-07	2.0961e-17
9.4000e-06	1.3294e-07	1.3294e-07	2.1305e-17
9.0000e-06	1.3294e-07	1.3294e-07	2.1305e-17
8.6000e-06	1.3509e-07	1.3509e-07	2.1649e-17
8.2000e-06	1.3723e-07	1.3723e-07	2.1992e-17
7.8000e-06	1.3938e-07	1.3938e-07	2.2336e-17
7.4000e-06	1.4152e-07	1.4152e-07	2.2680e-17
7.0500e-06	1.4367e-07	1.4367e-07	2.3023e-17
6.7500e-06	1.4581e-07	1.4581e-07	2.3367e-17
6.4500e-06	1.4581e-07	1.4581e-07	2.3367e-17
6.1500e-06	1.5010e-07	1.5010e-07	2.4054e-17
5.8750e-06	1.5224e-07	1.5224e-07	2.4398e-17
5.6250e-06	1.5439e-07	1.5439e-07	2.4741e-17
5.3750e-06	1.5653e-07	1.5653e-07	2.5085e-17
5.1250e-06	1.5867e-07	1.5867e-07	2.5429e-17
4.8750e-06	1.6296e-07	1.6296e-07	2.6116e-17
4.6250e-06	1.6511e-07	1.6511e-07	2.6460e-17
4.3750e-06	1.6940e-07	1.6940e-07	2.7147e-17
4.1250e-06	1.7368e-07	1.7368e-07	2.7834e-17
3.9000e-06	1.7797e-07	1.7797e-07	2.8521e-17
3.7000e-06	1.8226e-07	1.8226e-07	2.9209e-17
3.5000e-06	1.8441e-07	1.8441e-07	2.9552e-17
3.3000e-06	1.9084e-07	1.9084e-07	3.0583e-17
3.1000e-06	1.9513e-07	1.9513e-07	3.1270e-17
2.9000e-06	2.0156e-07	2.0156e-07	3.2301e-17
2.7500e-06	2.0585e-07	2.0585e-07	3.2989e-17
2.6250e-06	2.1014e-07	2.1014e-07	3.3676e-17
2.4750e-06	2.1657e-07	2.1657e-07	3.4707e-17
2.3500e-06	2.2300e-07	2.2300e-07	3.5738e-17
2.2500e-06	2.2729e-07	2.2729e-07	3.6425e-17
2.1500e-06	2.3158e-07	2.3158e-07	3.7112e-17
2.0500e-06	2.3587e-07	2.3587e-07	3.7799e-17
1.9500e-06	2.4016e-07	2.4016e-07	3.8487e-17
1.8500e-06	2.4659e-07	2.4659e-07	3.9518e-17
1.7500e-06	2.5302e-07	2.5302e-07	4.0548e-17
1.6500e-06	2.6160e-07	2.6160e-07	4.1923e-17
1.5500e-06	2.6803e-07	2.6803e-07	4.2954e-17
1.4625e-06	2.7661e-07	2.7661e-07	4.4328e-17
1.3875e-06	2.8304e-07	2.8304e-07	4.5359e-17
1.3125e-06	2.9162e-07	2.9162e-07	4.6734e-17
1.2375e-06	3.0020e-07	3.0020e-07	4.8108e-17
1.1750e-06	3.0877e-07	3.0877e-07	4.9483e-17
1.1250e-06	3.1521e-07	3.1521e-07	5.0514e-17
1.0750e-06	3.2164e-07	3.2164e-07	5.1545e-17
1.0250e-06	3.2807e-07	3.2807e-07	5.2575e-17
9.8000e-07	3.3450e-07	3.3450e-07	5.3606e-17
9.4000e-07	3.4308e-07	3.4308e-07	5.4981e-17
9.0000e-07	3.4951e-07	3.4951e-07	5.6012e-17
8.6000e-07	3.5809e-07	3.5809e-07	5.7386e-17
8.2000e-07	3.6667e-07	3.6667e-07	5.8761e-17
7.8000e-07	3.7524e-07	3.7524e-07	6.0135e-17
7.4000e-07	3.8382e-07	3.8382e-07	6.1510e-17
7.0500e-07	3.9454e-07	3.9454e-07	6.3228e-17
6.7500e-07	4.0312e-07	4.0312e-07	6.4603e-17
6.4500e-07	4.1170e-07	4.1170e-07	6.5977e-17
6.1500e-07	4.2242e-07	4.2242e-07	6.7695e-17
5.8750e-07	4.3314e-07	4.3314e-07	6.9413e-17
5.6250e-07	4.4172e-07	4.4172e-07	7.0788e-17
5.3750e-07	4.5244e-07	4.5244e-07	7.2506e-17
5.1250e-07	4.6101e-07	4.6101e-07	7.3881e-17
4.8750e-07	4.7388e-07	4.7388e-07	7.5942e-17
4.6250e-07	4.8675e-07	4.8675e-07	7.8004e-17
4.3750e-07	4.9961e-07	4.9961e-07	8.0066e-17
4.1250e-07	5.1248e-07	5.1248e-07	8.2128e-17
3.9000e-07	5.2749e-07	5.2749e-07	8.4533e-17
3.7000e-07	5.4250e-07	5.4250e-07	8.6939e-17
3.5000e-07	5.5751e-07	5.5751e-07	8.9344e-17
3.3000e-07	5.7466e-07	5.7466e-07	9.2093e-17
3.1000e-07	5.9181e-07	5.9181e-07	9.4842e-17
2.9000e-07	6.1326e-07	6.1326e-07	9.8278e-17
2.7500e-07	6.2827e-07	6.2827e-07	1.0068e-16
2.6250e-07	6.4328e-07	6.4328e-07	1.0309e-16
2.4750e-07	6.6257e-07	6.6257e-07	1.0618e-16
2.3500e-07	6.7973e-07	6.7973e-07	1.0893e-16
2.2500e-07	6.9474e-07	6.9474e-07	1.1134e-16
2.1500e-07	7.0975e-07	7.0975e-07	1.1374e-16
2.0500e-07	7.2690e-07	7.2690e-07	1.1649e-16
1.9500e-07	7.4620e-07	7.4620e-07	1.1958e-16
1.8500e-07	7.6550e-07	7.6550e-07	1.2268e-16
1.7500e-07	7.8694e-07	7.8694e-07	1.2611e-16
1.6500e-07	8.1053e-07	8.1053e-07	1.2989e-16
1.5500e-07	8.3626e-07	8.3626e-07	1.3402e-16
1.4625e-07	8.5985e-07	8.5985e-07	1.3780e-16
1.3875e-07	8.8343e-07	8.8343e-07	1.4158e-16
1.3125e-07	9.0916e-07	9.0916e-07	1.4570e-16
1.2375e-07	9.3490e-07	9.3490e-07	1.4982e-16
1.1750e-07	9.6063e-07	9.6063e-07	1.5395e-16
1.1250e-07	9.7992e-07	9.7992e-07	1.5704e-16
1.0750e-07	1.0035e-06	1.0035e-06	1.6082e-16
1.0250e-07	1.0271e-06	1.0271e-06	1.6460e-16
9.8000e-08	1.0507e-06	1.0507e-06	1.6838e-16
9.4000e-08	1.0743e-06	1.0743e-06	1.7216e-16
9.0000e-08	1.0979e-06	1.0979e-06	1.7594e-16
8.6000e-08	1.1214e-06	1.1214e-06	1.7972e-16
8.2000e-08	1.1493e-06	1.1493e-06	1.8419e-16
7.8000e-08	1.1793e-06	1.1793e-06	1.8900e-16
7.4000e-08	1.2094e-06	1.2094e-06	1.9381e-16
7.0500e-08	1.2394e-06	1.2394e-06	1.9862e-16
6.7500e-08	1.2673e-06	1.2673e-06	2.0309e-16
6.4500e-08	1.2951e-06	1.2951e-06	2.0755e-16
6.1500e-08	1.3273e-06	1.3273e-06	2.1271e-16
5.8750e-08	1.3573e-06	1.3573e-06	2.1752e-16
5.6250e-08	1.3873e-06	1.3873e-06	2.2233e-16
5.3750e-08	1.4195e-06	1.4195e-06	2.2748e-16
5.1250e-08	1.4538e-06	1.4538e-06	2.3298e-16
4.8750e-08	1.4903e-06	1.4903e-06	2.3882e-16
4.6250e-08	1.5310e-06	1.5310e-06	2.4535e-16
4.3750e-08	1.5739e-06	1.5739e-06	2.5222e-16
4.1250e-08	1.6189e-06	1.6189e-06	2.5944e-16
3.9000e-08	1.6661e-06	1.6661e-06	2.6700e-16
3.7000e-08	1.7111e-06	1.7111e-06	2.7422e-16
3.5000e-08	1.7583e-06	1.7583e-06	2.8178e-16
3.3000e-08	1.8119e-06	1.8119e-06	2.9037e-16
3.1000e-08	1.8676e-06	1.8676e-06	2.9930e-16
2.9000e-08	1.9320e-06	1.9320e-06	3.0961e-16
2.7500e-08	1.9856e-06	1.9856e-06	3.1820e-16
2.6250e-08	2.0306e-06	2.0306e-06	3.2542e-16
2.4750e-08	2.0906e-06	2.0906e-06	3.3504e-16
2.3500e-08	2.1464e-06	2.1464e-06	3.4397e-16
2.2500e-08	2.1936e-06	2.1936e-06	3.5153e-16
2.1500e-08	2.2450e-06	2.2450e-06	3.5978e-16
2.0500e-08	2.2986e-06	2.2986e-06	3.6837e-16
1.9500e-08	2.3565e-06	2.3565e-06	3.7765e-16
1.8500e-08	2.4209e-06	2.4209e-06	3.8796e-16
1.7500e-08	2.4873e-06	2.4873e-06	3.9861e-16
1.6500e-08	2.5602e-06	2.5602e-06	4.1030e-16
1.5500e-08	2.6417e-06	2.6417e-06	4.2335e-16
1.4625e-08	2.7189e-06	2.7189e-06	4.3572e-16
1.3875e-08	2.7918e-06	2.7918e-06	4.4741e-16
1.3125e-08	2.8712e-06	2.8712e-06	4.6012e-16
1.2375e-08	2.9569e-06	2.9569e-06	4.7387e-16
1.1750e-08	3.0363e-06	3.0363e-06	4.8658e-16
1.1250e-08	3.1006e-06	3.1006e-06	4.9689e-16
1.0750e-08	3.1735e-06	3.1735e-06	5.0857e-16
1.0250e-08	3.2507e-06	3.2507e-06	5.2094e-16
9.8000e-09	3.3236e-06	3.3236e-06	5.3263e-16
9.4000e-09	3.3965e-06	3.3965e-06	5.4431e-16
9.0000e-09	3.4694e-06	3.4694e-06	5.5599e-16
8.6000e-09	3.5466e-06	3.5466e-06	5.6837e-16
8.2000e-09	3.6324e-06	3.6324e-06	5.8211e-16
7.8000e-09	3.7246e-06	3.7246e-06	5.9689e-16
7.4000e-09	3.8232e-06	3.8232e-06	6.1269e-16
7.0500e-09	3.9176e-06	3.9176e-06	6.2781e-16
6.7500e-09	4.0033e-06	4.0033e-06	6.4156e-16
6.4500e-09	4.0955e-06	4.0955e-06	6.5633e-16
6.1500e-09	4.1942e-06	4.1942e-06	6.7214e-16
5.8750e-09	4.2928e-06	4.2928e-06	6.8795e-16
5.6250e-09	4.3850e-06	4.3850e-06	7.0272e-16
5.3750e-09	4.4901e-06	4.4901e-06	7.1956e-16
5.1250e-09	4.5951e-06	4.5951e-06	7.3640e-16
4.8750e-09	4.7109e-06	4.7109e-06	7.5496e-16
4.6250e-09	4.8353e-06	4.8353e-06	7.7489e-16
4.3750e-09	4.9725e-06	4.9725e-06	7.9688e-16
4.1250e-09	5.1226e-06	5.1226e-06	8.2093e-16
3.9000e-09	5.2663e-06	5.2663e-06	8.4396e-16
3.7000e-09	5.4100e-06	5.4100e-06	8.6698e-16
3.5000e-09	5.5601e-06	5.5601e-06	8.9103e-16
3.3000e-09	5.7295e-06	5.7295e-06	9.1818e-16
3.1000e-09	5.9074e-06	5.9074e-06	9.4670e-16
2.9000e-09	6.1133e-06	6.1133e-06	9.7969e-16
2.7500e-09	6.2698e-06	6.2698e-06	1.0048e-15
2.6250e-09	6.4178e-06	6.4178e-06	1.0285e-15
2.4750e-09	6.6107e-06	6.6107e-06	1.0594e-15
2.3500e-09	6.7844e-06	6.7844e-06	1.0872e-15
2.2500e-09	6.9345e-06	6.9345e-06	1.1113e-15
2.1500e-09	7.0932e-06	7.0932e-06	1.1367e-15
2.0500e-09	7.2647e-06	7.2647e-06	1.1642e-15
1.9500e-09	7.4513e-06	7.4513e-06	1.1941e-15
1.8500e-09	7.6550e-06	7.6550e-06	1.2268e-15
1.7500e-09	7.8630e-06	7.8630e-06	1.2601e-15
1.6500e-09	8.0967e-06	8.0967e-06	1.2975e-15
1.5500e-09	8.3540e-06	8.3540e-06	1.3388e-15
1.4625e-09	8.6006e-06	8.6006e-06	1.3783e-15
1.3875e-09	8.8279e-06	8.8279e-06	1.4147e-15
1.3125e-09	9.0809e-06	9.0809e-06	1.4553e-15
1.2375e-09	9.3490e-06	9.3490e-06	1.4982e-15
1.1750e-09	9.5998e-06	9.5998e-06	1.5384e-15
1.1250e-09	9.8057e-06	9.8057e-06	1.5714e-15
1.0750e-09	1.0039e-05	1.0039e-05	1.6089e-15
1.0250e-09	1.0275e-05	1.0275e-05	1.6467e-15
9.8000e-10	1.0511e-05	1.0511e-05	1.6845e-15
9.4000e-10	1.0741e-05	1.0741e-05	1.7212e-15
9.0000e-10	1.0970e-05	1.0970e-05	1.7580e-15
8.6000e-10	1.1214e-05	1.1214e-05	1.7972e-15
8.2000e-10	1.1485e-05	1.1485e-05	1.8405e-15
7.8000e-10	1.1776e-05	1.1776e-05	1.8872e-15
7.4000e-10	1.2089e-05	1.2089e-05	1.9374e-15
7.0500e-10	1.2387e-05	1.2387e-05	1.9852e-15
6.7500e-10	1.2660e-05	1.2660e-05	2.0288e-15
6.4500e-10	1.2953e-05	1.2953e-05	2.0759e-15
6.1500e-10	1.3262e-05	1.3262e-05	2.1254e-15
5.8750e-10	1.3575e-05	1.3575e-05	2.1755e-15
5.6250e-10	1.3867e-05	1.3867e-05	2.2223e-15
5.3750e-10	1.4197e-05	1.4197e-05	2.2752e-15
5.1250e-10	1.4532e-05	1.4532e-05	2.3288e-15
4.8750e-10	1.4896e-05	1.4896e-05	2.3872e-15
4.6250e-10	1.5291e-05	1.5291e-05	2.4504e-15
4.3750e-10	1.5724e-05	1.5724e-05	2.5198e-15
4.1250e-10	1.6196e-05	1.6196e-05	2.5954e-15
3.9000e-10	1.6652e-05	1.6652e-05	2.6686e-15
3.7000e-10	1.7105e-05	1.7105e-05	2.7411e-15
3.5000e-10	1.7581e-05	1.7581e-05	2.8174e-15
3.3000e-10	1.8117e-05	1.8117e-05	2.9033e-15
3.1000e-10	1.8683e-05	1.8683e-05	2.9941e-15
2.9000e-10	1.9330e-05	1.9330e-05	3.0978e-15
2.7500e-10	1.9830e-05	1.9830e-05	3.1779e-15
2.6250e-10	2.0298e-05	2.0298e-05	3.2528e-15
2.4750e-10	2.0904e-05	2.0904e-05	3.3501e-15
2.3500e-10	2.1453e-05	2.1453e-05	3.4380e-15
2.2500e-10	2.1927e-05	2.1927e-05	3.5140e-15
2.1500e-10	2.2429e-05	2.2429e-05	3.5944e-15
2.0500e-10	2.2971e-05	2.2971e-05	3.6813e-15
1.9500e-10	2.3563e-05	2.3563e-05	3.7762e-15
1.8500e-10	2.4207e-05	2.4207e-05	3.8792e-15
1.7500e-10	2.4860e-05	2.4860e-05	3.9841e-15
1.6500e-10	2.5602e-05	2.5602e-05	4.1030e-15
1.5500e-10	2.6415e-05	2.6415e-05	4.2332e-15
1.4625e-10	2.7198e-05	2.7198e-05	4.3586e-15
1.3875e-10	2.7918e-05	2.7918e-05	4.4741e-15
1.3125e-10	2.8716e-05	2.8716e-05	4.6019e-15
1.2375e-10	2.9567e-05	2.9567e-05	4.7383e-15
1.1750e-10	3.0356e-05	3.0356e-05	4.8648e-15
1.1250e-10	3.1006e-05	3.1006e-05	4.9689e-15
1.0750e-10	3.1744e-05	3.1744e-05	5.0871e-15
1.0250e-10	3.2496e-05	3.2496e-05	5.2077e-15